# Created by Octave 5.2.0, Sun Mar 15 18:19:15 2020 AEDT <gtiminskis@LM-SYD-16501546>
# name: A
# type: matrix
# rows: 3
# columns: 2
 1 2
 3 4
 5 6


